photo_id
1000826
1000994
1002009
1003446
1003577
1004339
1005333
1005683
1005685
1005686
1005688
1005689
1005690
1005691
1005694
1005695
1005699
1005704
1005707
1007899
1007900
1007901
1007903
1007920
1007921
1007922
1007923
1007924
1007925
1008483
1008514
1008597
1008610
1008663
1009039
1011167
1014356
1014453
1014519
1014656
1014745
1014775
1014809
1014884
1015054
1015080
1015113
1015533
1015612
101683
1016982
1017332
1022054
1022089
1022090
1022091
1022092
1022093
1022113
1022114
1022115
1022420
1023018
1023228
1023666
1023670
1023752
1024383
1024806
1030922
1034427
1034925
1037060
1037401
1038730
1039179
1039180
1039187
1040520
1040531
1046243
1048180
1048343
1048402
1048404
1048405
1048406
1048407
1048996
1050496
1050533
1050566
1050611
1050626
1050627
1050628
1051252
1051332
1051342
1051343
1051709
105179
1055230
1058167
1058262
1059903
1059917
1062091
1062173
1064640
1067585
1067671
106850
106852
1068557
1068719
1068730
1068756
1068766
1068915
1068980
1070824
1070987
1071009
1071794
1071811
1072519
1072551
1072645
1072799
1073455
1073679
1073689
1073692
1073693
1073694
1073703
1073704
1073705
1073706
1075650
1075969
1076054
1077079
1077276
1078283
1078334
1078400
1078410
1078557
1078831
1082077
1082329
1082330
1082331
1082332
1082333
1082334
1082335
1082336
1082341
1082342
1082343
1082344
1082345
1082346
1082347
1082348
1082349
1082350
1082351
1082352
1082353
1082354
1082355
1083080
1084081
1084593
1087920
1087940
1088651
1090145
1090238
1090239
1090454
1090509
1090837
1091061
109211
109269
1093901
1093903
1094034
1094106
1094137
1094771
1094779
1094807
1095404
1095440
1095573
1095574
1095576
1095686
1095886
1095888
1095893
1095922
1097804
109814
1098217
109835
1099322
1101936
1101937
1101940
1101942
1101947
1102436
1102442
1102444
1102447
1102461
1102462
1102463
1102464
1102465
1102471
1102477
1102582
1102583
1102627
1103498
1103509
1104377
110668
110672
110704
1107209
1107211
1107586
110791
110824
1109301
1109360
1110222
1110355
1111056
1111546
1113413
1113421
1113652
1113683
1114348
1115187
1115188
1116631
1116635
1116637
1116642
1117170
1118582
1118603
1119535
1120908
1121671
1123380
1124507
1124884
1125039
1125325
1125341
1125427
1125558
1126404
1126423
1128726
1128736
1129817
1129818
1129828
1129830
1129835
1129857
1131549
1131561
1132917
1132930
1132974
1135356
1135785
1137129
1137824
1137831
1137832
1137841
1137844
1137846
1137855
1137856
1137876
1137881
1137895
1137910
1137911
1137944
1138357
1138429
1138546
1139137
1139586
1144032
114412
114527
1145279
1145316
114549
1147407
1148024
1150809
1153141
1153143
115357
115362
1153730
1153739
1154996
1155105
1157364
1158845
1158848
1159193
1159203
1160500
1160962
1161847
1165770
1165772
1165774
1165776
1165779
1165781
1165784
1165787
1165788
1165791
1165794
1165797
1165799
1165807
1165809
1166240
1167128
1167955
1169407
1169409
1169410
1169442
1169518
1169783
1169836
1170135
1172734
1172755
1172914
1173338
1175370
1175401
1175568
1175620
1176161
1176163
1176169
1176173
1176187
1176190
1176201
1177007
1177756
1180021
1180035
118284
118315
118370
1184183
1184196
118472
118494
1186277
1187833
1188857
1188982
1189006
1189875
1189978
1189979
1191316
1193403
1195143
1195164
1195682
1196422
1197264
1198402
1198403
1198404
1198405
1198406
1198407
1198409
1198476
1198515
1198651
1198750
1198916
1199464
1199503
1199505
1199606
1199680
1199959
1200044
1200528
1200529
1200530
1200531
1200533
1200534
1200535
1200537
1200538
1200540
1200550
1200551
1200564
1200594
1200595
1201114
1201753
120355
1205157
1206206
1206233
1206447
1209648
1209789
1209851
1209876
1209967
1210194
1210195
1210214
1210259
1213876
1214329
1219301
1220818
1222518
1223122
1223855
1224158
1225806
1225857
1225867
1226033
1226680
1226988
1227034
1227211
1228045
1228046
1228047
1228072
1228073
1228074
1228209
1228222
1230647
1233357
1233365
1234274
1234275
1234276
1234278
12352
123542
1237741
1238460
1239913
1249342
1249460
1249463
1249591
1249834
1249836
1249919
1249955
1252999
1254635
1255721
1256131
1256137
1256413
1256416
1257251
1259282
1259283
1259294
1259301
1259335
1259343
1259578
1259581
1259583
1259981
1259982
126097
1262814
1263431
1263648
1267836
126819
126820
1268635
1268735
1269241
1270345
1270598
1271631
1271651
1273156
1273673
1273721
1273792
1279015
1279028
1279613
1279618
1280498
1280508
1280531
1282168
1282612
128300
128303
1283365
128468
128484
128501
1285199
1285472
1285549
1285551
1285554
128556
1285662
1285712
1285986
1287193
1288321
1289017
1289043
1290531
1290532
1290534
1290795
1290796
1290798
1290800
1290801
1291263
1291313
1295521
1295873
1296312
129643
129658
1297375
1297499
1300917
1300922
1300925
1300932
1300933
1300934
1300944
1300946
1300967
130120
130122
1301996
1302655
1304031
13051
13054
13057
1305971
13063
1306438
13071
1307592
1307613
13079
13080
13081
13082
13083
1308621
1310275
131048
1312793
1313910
1314751
1314773
1315046
1315689
1318285
1321873
1322489
1322563
1323772
1323856
1324486
1327234
1327899
1328528
1328588
1328750
1328799
1328815
1328824
1328902
1328929
132925
1329834
1329835
1331870
1331911
1332438
1334285
1334971
1337224
1337854
1337856
1337857
1337858
133887
133891
133896
133899
1341060
1341327
1341521
1341814
1344785
1344908
1344909
1346626
1346801
1346956
1347037
1352942
1353597
1354637
1354644
1354989
1355002
1355004
1355005
1355006
1357805
1357848
1358091
1358352
1358633
1359314
1359330
1359837
1362239
1362479
1362491
1365947
1366908
1366926
136711
1367270
1367281
1367384
1368165
137168
137206
137283
1373038
137338
1373518
1374004
1374005
1374006
1377354
1378582
1378593
1378594
1378595
1378597
1379092
1382380
1382776
1384303
1384349
1384354
1384355
1384356
1385140
1385151
1385177
1386053
1387292
1387317
1387318
1387319
1387355
1388042
1388138
1388149
1389342
1390505
1391863
1392119
1392589
1392592
1392595
1393076
1393410
139418
1396047
1396226
1396234
1396246
1396536
1398534
1400739
1401054
1401655
1403089
1403111
1404365
1405695
1406004
1407977
1407987
1407995
1408314
1408797
1408963
1408969
1408970
1408971
1408972
1408973
1408974
1408977
1408986
1409043
1409044
1409045
1409046
1409047
1409048
1409838
1410499
1410500
1410501
1410502
1410503
1410504
1410584
1410586
1410601
1410602
1410644
1410649
1410891
1411101
1411287
1411548
1411549
1413027
1413712
1413751
1413906
1413940
1415446
1415456
1415481
1415485
1415518
1415640
1415641
1415653
141579
1416695
1416704
1417093
1417114
1417115
1418301
1418720
1419337
1419668
1419675
1419681
1419748
1419751
1419769
1419860
1421901
1421903
1421906
1421983
1422331
1422534
1422971
1425083
1425152
1425153
1425154
1425155
1425156
1425157
1425158
1425159
1425160
1425742
1426369
1426370
1426371
1426372
1426373
1426374
1430281
1430282
1436263
1436293
1436353
1437685
1438656
1440622
144307
1443156
1443165
1444382
1444388
1444396
144560
1445713
1447215
1447216
1447251
1447273
1447447
1447857
1447889
1448923
1449285
1452420
1452428
1452731
1455333
1455334
1455335
1455339
1455804
1455808
1456961
1456981
1456983
1456996
1457015
1457032
1457038
1457095
1457162
1457163
1457189
1457190
1457191
1457192
1457240
1457241
1457242
1457269
1457303
1457701
1457721
1457734
1457735
1458352
1458859
1459667
1462905
1463198
1463256
1464397
1465503
1465691
1465731
1467489
1468309
1471816
1472321
1473602
1473860
1473914
1474918
1476092
1476114
1476120
1476122
1476127
1476934
1477034
147738
147755
1477804
1477822
1477844
1477845
1477945
1478126
1478253
1479583
1479666
1480786
1480787
1484079
1484086
1484087
1484092
1484158
1484161
1484177
1484184
1484192
1484197
1484460
1485556
1486396
1489026
1490049
1490072
1490095
1490729
1490734
1490735
1490750
1490754
1490778
1490806
1492363
1492412
1492413
1492415
1492416
1492417
1492418
1492419
1492420
1492421
1493837
149439
149446
1494486
149457
149458
149496
149497
149498
149499
149500
149501
149502
149503
149504
1495063
149517
1495506
1495588
1495600
1495673
1496553
1498391
1498392
1498404
1498430
1498754
1499715
1499722
1499731
1500087
1500196
1500256
1500481
150126
150127
1501428
1501429
1501430
1501519
150154
150155
1502187
1502947
1503161
1503879
150453
1506435
1506480
1506501
1506643
1506907
1506932
1508258
1509157
1509172
15107
1511609
1512017
1512057
1512080
1515080
1516168
1517336
1518852
1518853
1521866
1524259
1524261
1524278
1525828
1525895
1526557
1527816
1528530
1529300
1529340
1530094
1531063
1531501
1531504
1531505
1531513
1531522
1531549
1531703
1531709
1534211
1535813
1537624
1537628
1537773
1537774
1542409
1542506
1542787
1543120
1543579
1543656
1544280
1544784
1544999
1545384
1545468
1546329
1546484
1546485
1546486
1546989
1547011
1547333
1547988
1547997
1548000
1548002
1548009
1548019
1548023
1548024
1548045
1548057
1549261
1549289
1549290
1554157
1554773
1554809
1554853
155539
1556416
1556437
1556468
1557287
1557879
1559327
1559328
1559329
1559351
155961
1561622
1562601
1562861
1565008
1565789
1572487
1573093
1574026
1575381
1576426
1576431
1576435
1576437
1576438
1576471
157685
1578387
1578388
1578389
1578422
1578423
157882
1578896
1578898
1578911
1578924
1580058
1580801
1580848
1582013
1582020
1582334
1582436
1585484
1585487
1585491
1586119
1586415
1586482
1586505
1586542
1586556
1586557
1586558
1586559
1586560
1586561
1586566
1586567
1586568
1586886
1586955
1586956
1586958
1586959
1586961
1587589
1587827
1588228
1588231
1590280
1590295
1590304
1590323
1591166
1594595
1594605
1594618
1594655
1594732
1594733
1594737
1594746
1594753
1596391
1597451
1598403
1598782
1598783
1598784
1599725
1600618
1600619
1600620
1600621
1600622
1600623
1600624
1600625
1600626
1600627
1600628
1600629
1600630
1600631
1600633
1600634
1600635
1600636
1600637
1600639
1600640
1600641
1600642
1600644
1600645
1600647
1600648
1600649
1600650
1600651
1600652
1600653
1600654
1600655
1600656
1600657
1600660
1600661
1600664
1600665
1600666
1600667
1600668
1601725
1602062
1602737
1603174
1603360
1603470
1604078
1604084
1604087
1604092
1604132
1604188
1604600
1604805
1604827
1605498
1605607
1606916
1606918
1607146
1609672
1610047
1610919
1611755
1611764
1611783
1611784
1611853
1612588
1612590
1612592
1615144
1615289
1615632
1618355
1619137
1620910
1620911
1621060
1621061
1621062
1621063
1621064
1621065
1621209
1622667
1624228
1624490
1624568
1624571
1624695
162505
162507
162514
162519
162525
162528
162531
162536
162541
1625451
162549
162551
1625538
162557
162562
162566
162594
162596
162605
162626
1627858
1628258
1628603
1628604
1628613
1628981
1629048
1629088
1630457
1630458
1630459
1630460
1630461
1630462
1630771
1630818
1630841
163285
1633089
163315
1634710
1634849
1635594
1635621
1635761
1638178
1638209
1638986
1638987
1639764
1644301
1646900
1646901
1646902
1650047
1652528
1652536
1652543
1652547
1652554
1652562
1652828
1652897
1653526
1653538
1653546
1654228
1655296
1655452
1656203
1657298
1657383
165816
165819
165823
165826
165827
165831
165832
165833
165836
165838
165839
165841
165844
165845
165864
1659977
1659978
1660858
1660863
1661805
1663446
1663451
1663675
166470
1666333
1666922
1667167
1668252
1670716
1670760
1670857
1671186
1673194
1675164
1675170
1677610
1677612
1677613
1677614
1677615
1677617
1677618
1677619
1677621
1677622
1677623
1678816
1678843
1679119
1682285
1682442
1682444
1682713
1684061
1684913
1686910
1686919
1687140
1687164
1688378
1688758
1689167
1689183
1689236
1689309
1689337
1689338
1690915
1691085
1691248
1691249
1691250
1691251
1691252
1691253
1691268
1691269
1692089
1692092
1693704
1694362
1694808
1697148
1697634
1698437
1698446
1698450
1698451
1698461
1698596
1700048
1701528
1701881
1701896
1701898
1701900
1701901
1701975
1701989
1703351
1703467
1703470
1703493
1706038
1707193
1707196
1710681
1710683
1710908
1711768
171234
1712964
1713397
1713727
1713733
1713801
1713879
1714051
171461
171503
171517
1715555
171557
171558
1715995
1716003
1716011
1716070
1716074
1716089
1716090
1716105
1718538
1720860
1720864
1720907
1721704
1721705
1721715
1722735
1723468
1726083
1726467
1728569
1728570
1728575
1729653
1729684
1731123
1731125
1731129
1731198
1731434
1731722
1732115
1732150
1732659
1732729
1733644
1734114
1735747
1735749
1735757
1738182
1739342
1742433
174299
1742998
1742999
1743012
1745876
1745880
1745882
1746018
1748344
1749363
1750396
175098
175107
1751316
1752531
1753492
1753493
1754911
1754949
1755451
1756101
1757032
1757041
1759119
1759128
1759227
1759276
1759559
1759655
1761623
1763420
1763747
176637
1767058
1769457
1769737
1769743
1769757
1769762
1769763
1769766
1773336
1773482
1775595
1777519
1777598
1777599
1779255
1780612
1780624
1781480
1782455
1782461
1783054
178425
1784421
1785753
1785887
1785896
1785980
1789387
17904
1790615
1790967
1791213
1791240
179343
1795168
1799580
1800513
1800514
1800515
1800516
1800517
1800518
1800519
1800520
1800521
1800522
1800523
1801514
1802209
1802214
1803173
1808117
1808728
1809462
1811900
1812028
1812184
1812286
1812333
1812414
1812416
1812461
1812462
1812509
1812614
1812939
1815028
1820568
1821325
1821328
1821339
1821347
1821355
1821360
1821404
1821598
1821599
1821603
1821604
1821617
1821621
1821729
1821863
1822017
1822307
1822308
1822309
1822310
1822311
1822312
1822313
1823506
1825484
1827159
1827687
1829558
183290
1832984
1834398
1835311
1835313
1835315
1835316
1835319
1835826
183851
183879
1838871
1838895
1840676
1840678
1840679
1840680
1841008
1841088
1843997
1844007
1847024
1850725
1850913
1851082
1852318
1852354
1852468
1852469
1852470
1852471
1852472
1858384
1858405
1860250
1863003
1863030
1863031
1863032
1863033
1864864
1865440
1865455
1865473
1865492
1865493
1867053
1867077
1867298
1869255
187273
1872925
1873003
1876281
1876282
1876283
1878044
1879333
1879334
1880320
1881812
1882927
1883741
1883805
1884668
1885435
1886251
1886813
188705
1887264
1887267
1887272
1887274
1887286
1888806
1889054
1890077
1890099
1890119
1890890
1890997
1891019
1891102
1891103
1891259
1891296
1893019
1894065
1894066
1894067
1894069
1894071
1896293
1896549
1898616
1898716
1898725
1898726
1898727
1898728
1898729
1898730
1898745
1898758
1898759
1898760
1898761
1898762
1899168
1899190
1899842
1900653
1900959
1903488
1903489
1904580
1904802
1904829
1904847
1904931
1904938
1905260
1906715
1907746
1907748
190814
190822
190829
1910508
1911371
1911396
1912143
1913693
1913695
1913698
1913710
1913738
1913782
1913788
1913791
1913813
1913891
1914400
1914434
1914468
1914469
1914470
1914471
1914472
1914477
1914478
191468
191649
1916991
1917141
1917160
1917234
1919673
192192
192193
192196
1922666
1922867
1922868
1922869
1924443
1925718
1925732
192638
1926574
192793
1928614
1928836
1928939
1928966
1929100
1929160
1929314
1930095
1930668
1932733
1935608
1936366
1938907
1938973
193952
1941653
1943869
1943905
1944652
1944654
1945016
1948464
1948490
1948506
1948515
1948516
1948547
1948548
1948565
1948576
1948987
1950212
195095
195114
195119
1951286
195135
195137
195143
195190
195191
195211
1952816
1953172
1953181
1953226
1953227
1953253
1957438
1958622
1960422
1960424
196112
1962308
1962318
1963359
1963944
1963949
1963950
1964286
196463
196464
196465
1965408
1965430
1967010
1967821
1967964
196936
196958
196967
1970651
1971650
1971667
1971776
1971857
1971923
1972132
1972955
1973818
1974522
1974904
1974932
1974933
1974970
1975343
1975350
1975351
1975352
1975353
1975354
1975355
1975356
1975357
1975690
1975696
1976747
1977088
1980185
1980593
1980900
1981754
1981968
1981972
1981974
1982797
1983146
1984137
1985068
1985073
1985076
1985077
1985757
1987355
1989732
1990529
1990853
1991350
1992072
1992150
1992629
1992980
1993054
1993060
199361
1993782
1993791
1993799
1993802
1993805
1993818
1993843
1993853
199494
199535
1996053
1996054
1996077
1996136
1996812
199706
1997354
1999045
1999190
1999570
2000153
2001362
2001627
2004158
200431
2006260
2006262
2006287
2007251
2007254
2007694
200800
2009867
2009869
2009870
2009873
2009878
2010352
2010360
2012195
2015428
2015525
2018318
2019198
2019205
2019213
2019221
2019228
2019266
2019322
2020176
2020179
2020180
2020187
2020216
2020217
2020225
2023735
2023736
2023739
2023740
2023743
2023746
2023748
2023749
2023753
2023754
2023758
2023763
2023769
2023784
2023786
2023828
2024453
2024936
2024937
2024938
2024939
2024940
2026541
2029709
2029786
2029885
2029977
2031594
2031745
2031785
2031819
2032387
203296
2033353
2033359
2033367
2033376
2033379
2033383
203388
203413
203436
203437
203438
203462
203463
203464
203465
203466
2036527
2036538
2037508
2037654
2037656
2037657
2037670
2037799
2037800
2038337
2038338
2039727
2039757
2039764
2040477
2040497
2040542
2040824
2041754
2041756
2041776
2042119
2042138
2042148
2042243
2042922
2043715
2045735
2045736
2045737
2045743
2045756
2045772
2045788
2045802
2045818
2045893
2045937
2046054
2046140
2046901
2047059
2047200
2047205
2047206
2047207
2047208
2047209
2048177
2049195
2051638
2051836
2051864
2051899
2051908
2051917
2051941
2051965
2051984
2052063
2052076
2052108
2052109
2053453
2053824
2056213
2057399
2058138
2060037
2060816
2060886
2060929
2061651
2061741
2061773
2061783
2061789
2061794
2065284
2065299
2065608
2067277
2067554
2068652
2069089
2070704
2070810
2070837
2071115
2071367
2071380
2072527
2073127
2073911
2073913
2073921
2073935
2073936
2073937
2073938
2073940
2074609
2074837
2078341
2080691
2081226
208427
2086386
2093741
2097989
2099241
2104769
2105343
2108190
2108475
2108483
2108618
2108814
2109000
2110027
2111509
2117461
2117515
2117539
2117542
2117580
2121708
2122726
2123649
2125953
2126348
2129545
2129549
2137614
2137615
2137620
2137623
2137635
2137647
2137648
2137649
2137650
2137651
2137652
2137653
2137654
2137655
2140907
2141908
2142778
2143808
2145834
2146035
2146056
2146106
2146239
2146440
2146526
2146849
2146858
2146879
2146965
2147955
2147962
2148018
2148019
2149193
2149370
2149855
215030
215062
215121
2152419
2153935
2153937
2153947
2153962
2153963
2156721
2156738
2156744
2156764
2156770
2156776
2156792
2156795
2156806
2160455
2160457
2160460
2160464
2160465
2160469
2160470
2160473
2160474
2160475
2160479
2160480
2160483
2160484
2160485
2160489
2160490
2160491
2160494
2160497
2160498
2160502
2160503
2160504
2160609
2163217
2164124
2164128
2164142
2164159
2165280
2166580
2166587
2166647
2166648
2166743
2166904
2166906
2166907
2166912
2166914
2166917
2167146
2167489
2167757
2170616
2171552
2172337
2172515
2172516
2172528
2174273
2174274
2174275
2174666
2175223
2176200
2177022
2177913
2177915
2177946
2177958
2178004
2178016
2178468
2179303
2179346
2179508
2181944
2181969
2182260
2183592
2184237
2185891
2188158
2188363
2194950
2196138
2201695
2202090
2202095
2202099
2202102
2202129
2203190
2203548
2203590
2204367
2204383
2204394
2204407
2204542
2204545
220795
2208666
220898
2209032
2210217
2212888
2212904
2212907
2212955
2212966
2212986
2212987
2212988
2213945
2214698
2216042
2217
2218587
2220216
2220246
2220262
2220286
2220326
2220328
2220331
2220376
2220405
2221638
2221644
2222211
2222551
2223
2224055
2224169
2224447
2224485
222483
2224920
2224948
222496
222501
222507
222511
222512
222560
222579
2228382
2228386
2228387
2228391
2228428
2228430
2228431
2228444
2228445
2228446
2228447
2230610
2231202
2232601
2232666
2232727
2232730
2233041
2233094
2233239
2233309
2233565
2233598
2233599
2233602
2233604
2234121
2235105
2235848
2237775
2239125
224059
2241641
2244010
2244920
2246562
2246563
2246564
2246565
2246566
2246567
2246568
2246948
224809
2254574
2255609
2257482
2257918
2258825
2259716
2259733
2260427
2260431
2262612
2264792
226536
2265624
2265641
2267054
2267719
2268234
2268697
2268719
2268720
2269581
2269773
2269912
2273038
2273576
2273604
2273890
2274132
2274428
2274742
2274876
2275501
2275663
2275741
2275869
2276234
2276281
2288068
2288147
2288573
2292012
2292029
2293461
2293487
2293494
2293498
2293522
2293542
2293587
2293696
2293886
2295071
2295074
2296410
2296411
2296422
2296489
2296803
2300726
2301331
2301332
2301333
2301334
2301335
2301336
2301337
2301338
2301339
2301340
230304
2303058
2303062
2303268
2303523
2303525
2303528
2303530
2303532
2303538
2303541
2303547
2303548
2303759
2306086
2306105
2306117
2307214
2308097
2308137
2308139
2308160
2308229
2308783
2308819
2308825
2308826
2308827
2308828
2308829
2308830
2308831
2308832
2308833
2308834
2308835
2308836
2308837
2308838
2308839
2308840
2308841
2308842
2308843
2308844
2308845
2309426
2309449
2309456
2309474
2311740
2312905
2312923
2312925
2313036
2313189
2314268
2314413
2314414
2314415
2314416
2314417
2315815
2318146
2324833
2325100
2325385
2327667
2327682
2328287
2328289
2328290
2328307
2328337
2328338
2329522
2329523
2329526
2329535
2329548
2330725
2334224
2334230
2334562
233460
2334719
2334873
2336111
2336254
2336971
2337508
2337573
2338412
2338464
2339974
2340049
2340050
2340051
2340405
2342879
2342880
2342881
2342885
2342891
2342892
2342893
2342894
2343739
2343966
2344484
2344513
2344525
2344526
2344537
2346412
2346439
2346563
2347930
2352554
2353968
2354585
2354589
2354618
2354620
2354819
2354822
2354840
2354844
2354847
2354859
2354887
2354952
2355152
2357659
2357900
2359155
2359583
2359589
2359592
2359608
2359618
2359621
2359631
2359647
2364025
2364925
2365223
2365228
2369381
2369672
2373171
2373177
2373192
2373202
2373203
2373206
2373207
2373213
2373216
2373224
2373225
2373226
2373227
2373232
2373233
2373234
2373235
2373236
2373243
2373244
2373245
2373246
2373247
2373248
2373249
2373250
2373251
2373252
2373267
2373269
2373286
2374424
2374434
2377073
2378784
2381677
2381678
2381685
2382252
238472
2385389
2385963
2385964
2385966
2386097
2386597
2386599
2386611
2386618
2386623
2386633
2386651
2386862
2390997
2395125
2395786
2395958
2395959
2397559
2397567
2401155
2401406
2402826
2404236
2404237
2404242
2407109
2407736
2407740
2407743
2407745
2407746
2407747
2407749
2407750
2407751
2407758
2407761
2407762
2407763
2407764
2407765
2407766
2408353
2410565
2412031
2412101
2412201
2412257
2412258
2412264
2412772
2412773
2412774
2413277
2413281
241366
2414673
2416469
2416473
2416480
2416486
2416488
2416490
2416504
2416514
2416572
2417553
2417555
2417602
2420395
2420406
2421633
242352
242420
2424660
2425277
2425388
2425452
2426235
2426266
2426519
24275
2427983
2429982
2430292
2434121
2435209
2435370
2437670
2437679
2437687
2437691
2437707
2437708
2437711
2437758
2437805
2437852
2437889
2438000
2438076
2440792
2440818
2440824
2440825
2440839
2440960
2441119
2441120
2441121
2441122
2441123
2441124
2441130
2441131
2441132
2441133
2441134
2441135
2441136
2441137
2441180
2441181
2441182
2441183
2441227
2441228
2441229
2441230
2441231
2441232
2441233
2441234
2441235
2441236
2441237
2441238
2441239
2441240
2441241
2441242
2441243
2441244
2441245
2441246
2441247
2441248
2441249
2441250
2441251
2441252
2441253
2441254
2441255
2441256
2441257
2441258
2441259
2441260
2441261
2441262
2441263
2441264
2441265
2441266
2441267
2441268
2441269
2441270
2441271
2441272
2441273
2441274
2441275
2441278
2441279
2441280
2441281
2441282
2441283
2441284
2441285
2441286
2441287
2441288
2441289
2441290
2441291
2441292
2441293
2441294
2441295
2441296
2441297
2441298
2441299
2441300
2441301
2441302
2441303
2441304
2441305
2441306
2441307
2441308
2441309
2441310
2441311
2441312
2441313
2441314
2441315
2441316
2441317
2441318
2441319
2441320
2441321
2441322
2441323
2441324
2441325
2441839
2442542
2442548
2442561
2442596
2442631
2442645
2445684
2446943
2448781
2448782
2450758
2451613
2452374
2454266
2454423
2456795
2456796
2457412
2458917
2463085
2464672
2464673
2464674
2464675
2465163
2466154
2466198
2466199
2466552
2466555
2466557
2466558
2466564
2466570
2468869
2469219
2469274
2469276
2469294
2469443
2469826
2470676
2471575
2475014
2475119
2476097
2476101
2476103
2476123
2476648
2477142
2477167
2477183
2477588
2477592
2477594
2477614
2477625
2477660
2478901
2478903
2478904
2478905
2479043
2479598
2479615
2479650
2479745
2480172
2480288
2480318
2480367
2481121
2481148
2481554
2481637
2481687
2481749
2482016
2482344
2483113
2483162
2487926
2488904
2488951
2488976
249060
2491245
2492230
2492247
2492260
2492469
2492922
2492932
2492943
2492958
2492965
2492996
2493119
2493151
2493562
2494127
2494204
2497401
2497402
2497473
249973
250005
2500094
2500552
2501287
2501293
2501307
2501317
2502616
250311
2507576
2507577
2507578
2507579
2507580
2507581
2508182
2508305
2508761
2509654
2509680
2510164
251036
2511434
2511494
2511501
2512917
2514751
2515682
2515689
2515702
2515711
2515718
2515722
2515770
2517441
2517448
251794
2518928
2520433
2520436
2520478
2520899
2523202
2526399
2528926
2530743
2530747
2531573
2531635
2533025
2533076
2533672
2534270
253665
253667
2537363
2538303
2538443
2538818
2539754
2540901
2541232
2541354
2541355
2541356
2541357
2541358
2541359
2541360
2541361
254197
2542921
2542941
2542942
2542943
2542944
2542945
2543750
2543758
2544126
2544597
2545584
2546731
2546736
255012
2550575
2551122
2552235
2552255
2552585
2552965
2555445
2555462
2558651
2558800
2559889
2560084
2560086
2560090
2561324
256291
2564570
2565816
2565826
2565831
2565832
2565841
2565941
2566387
2572036
2572049
2572111
2572232
2572392
2573520
2573774
2573775
2573780
2573803
2573811
2573865
2573874
2573903
2575229
2575816
2577886
257850
2578558
2579398
2579430
2579471
2580953
2581004
2581205
2582005
2582014
2583356
2584113
2585082
2586269
2586290
2586291
2586351
2589479
2590361
2590462
2594021
2594022
2594024
2594026
2596777
2597615
2597646
2597647
2597648
2597649
2597650
2597651
2597653
2597654
2597655
2597656
2597659
2597660
2597661
2597662
2597663
2597664
2597665
2602109
2603759
2604252
2604402
2604440
2604711
2606803
2608172
2608173
2608174
2608176
2608177
2608182
2608183
2608193
2608200
2608201
2608202
2608203
2608402
2608504
2609389
2609726
2609814
2609850
2611123
2613576
2614612
2615607
2618097
2618526
2620435
2620446
2620450
2620452
2621659
262282
2623280
262331
2623743
2623744
2623759
2623774
2623791
2623792
2623806
262481
2625821
2627044
2629109
2629116
2629355
2629356
2630157
2630161
2631323
2631875
2632525
2632589
2632747
2633805
2633820
2633873
2635060
2635070
2635079
2635095
2635096
2635097
2635540
2635560
2635563
2635565
2635571
2636245
2636247
2636251
2636265
2636267
2639451
2639464
2639526
2639527
2639528
2639941
2640926
2641632
2642322
2642779
2643188
2643190
2643191
2643193
2643194
2643195
2643198
2644893
2644900
2644944
264558
2646137
2649294
2649626
2649640
2649943
2649944
2650007
2650008
2650009
2650030
2650031
2650032
2650049
2650050
2650051
2650268
2654844
2654848
2654868
2654922
265557
265563
2655796
2655799
2655805
2657354
2658443
2658454
2658461
2658821
2658831
266035
2660637
2661157
2662526
2663211
2663318
2664669
2664671
2664723
2664728
2664729
2664730
2664731
2664732
2664733
2664734
2664735
2664736
2664737
2664738
2664739
2664740
2664741
2664742
2664743
2664744
2664745
2664746
2664747
2664748
2664749
2664750
2664751
2664752
2664753
2664754
2664791
2664792
2664793
2664794
2664795
2664796
2664797
2664798
2664799
2664800
266531
2666269
2666900
2667520
2667607
2668577
2668581
2668587
2668590
2668592
2668594
2668598
2668603
2668613
2668615
2668617
2668620
2668621
2668622
2668625
2668627
2668630
2668631
2668653
2668661
2668662
2668663
2668664
2668665
2668905
2671509
2671516
2671521
2671557
2671631
2671862
2672151
2674034
2674035
2674046
2674058
2674061
2674062
2674064
2674075
2674084
2674087
2674093
2674094
2674101
2674102
2675326
2676852
2676865
2676946
2676947
2676948
2676961
2676996
2676997
2677012
2677831
2677988
2678400
2678728
2679435
2680561
2680566
2680598
2680707
2681704
2681707
2681708
2681714
2681717
2681778
2681806
2682033
2682078
2683493
2684431
2687379
2688332
2688335
2688338
2688341
2688343
2688344
2688345
2688347
2688349
2688350
2688353
2688359
2688361
2688370
2688377
268929
2689660
2689661
2689662
2689663
2689664
2689665
2689666
2689667
2689668
2689669
2689670
2689671
2689672
2689673
2689674
2689675
2689676
2689677
2689678
2689679
2689680
2689681
2689682
2689683
2689684
2689685
2689686
2689687
2689858
2690312
2690317
2690327
2690335
2690351
2690355
2690357
2691191
2691348
2691355
2691356
2691398
2692085
2692110
2692189
2693390
2695093
2695382
2701319
2701573
2710843
2714009
2717314
2717557
2721160
2723112
2725995
2726576
2727470
2727502
2729667
2729675
2729694
2729742
2730637
2730638
2731713
2734223
2734225
2739552
2739581
2739597
2739616
2739629
2739635
2739646
2739697
2739927
2741084
2741329
2743604
2744015
274565
2745659
274570
2746545
2747555
2747595
2748402
274892
2749014
2749116
2749853
2749855
2751812
2752106
2753296
2753316
2753317
275368
2753699
2755268
2757581
2757582
2757583
2757584
2757585
2757842
2759140
2759275
2760858
2760879
2760953
2762237
2762239
2762240
2762242
2762243
2762244
2762245
2763132
2764401
2764402
2764403
2764404
2764405
2764406
2764407
2764430
2764444
2764467
2764468
2764534
276788
276807
276808
276809
276847
276848
2770879
2771177
2771211
2771641
2771644
2771660
2771675
2771676
2771678
2771697
2771698
2771699
2771700
2771701
2771746
2771758
2771771
2771772
2771773
2771774
2771775
2773623
2774668
2777104
2777606
2777609
2779079
2779279
2781043
2781642
2782221
2782223
2782224
2782236
2782237
2782238
2782247
2783068
2783537
2783539
2784229
2786398
2786430
2786958
2786973
2788888
2789376
2789447
2789448
2789449
2789450
2789451
2789452
2790290
2790484
2790530
2790568
2793594
2794094
2794192
2794258
2794259
2794260
2794261
2794262
2794263
2794264
2794265
2794534
2794535
2794536
2794537
2794538
2794539
2794778
2794783
2794797
2794812
2794839
2794841
2797301
2797312
2797332
2798443
2798818
2798821
2798824
2798827
2798831
2798848
2798889
2798890
2798891
2798950
2798981
2800913
2802111
2802556
2803834
2803844
2804368
2806151
2806563
2806630
2808027
2808172
2808173
2808219
2808220
2808221
2808222
2808223
2808224
2808225
2808226
2808227
2808228
2808229
2808230
2808231
2808232
2808233
2808234
2808235
2808236
2809087
2809228
2809273
2809372
2809711
2813386
2813473
2815396
2815445
2815446
2815448
2815480
2815584
2816109
2817334
2817886
2817888
2817897
2817898
2817901
2817902
2817903
2817905
2817906
2817907
2817911
2817912
2817915
2817916
2817918
2817919
2817926
2817927
2817928
2817929
2817931
2817933
2817938
2817941
2817942
2817951
2817952
2817953
2817961
2817962
2818508
281852
2818743
2818797
2818909
2819421
2819470
2819473
2819486
2819504
281960
2822737
2824418
2824429
2824447
2824789
2825089
2825260
2825277
2825278
2825770
2827363
2828685
2828688
2828699
2829448
2830126
283073
283082
283103
283136
2831501
2831503
2831511
283251
283252
283253
283254
283255
2832760
2832789
283742
2837552
2837557
2837562
2837583
2837586
2837588
2837590
2837591
2837616
2837623
2837628
2837634
2837645
2837649
2837651
2837660
2837666
2837680
2837683
2837688
2837710
2837716
2837717
2837773
2840607
2841205
2843709
2844367
2844484
2844759
2844766
2844771
2845025
2845040
2845053
2845071
2845072
2845075
2846374
2846375
2846376
2846378
2846380
2846381
2846382
2846383
2846386
2846389
2846390
2848152
2848831
2849607
2851898
2852249
2852478
2852640
2852688
2853311
2853532
2854979
2854987
2854989
2854992
2855003
2855007
2857510
2857511
2857512
2857513
2857514
2858784
2859889
2863081
2865820
2869604
2869610
287042
287047
2870476
287075
287076
287077
2871062
2871063
2871067
2871069
2871070
2871073
2871417
2871876
2871877
2871881
2871892
2871893
2871898
2871899
2871900
2873315
2873849
2873854
2874690
2875864
2877461
2885761
2885776
2885861
2885878
2888232
2888519
2891497
2891814
2891877
2891990
2893814
2893830
2893837
2893843
2893954
2895285
2895741
2896092
2896241
2897689
2897695
2897698
2897699
2897700
2897702
2897703
2897705
2897706
2897707
2897708
2897709
2897714
2897723
2897747
2897749
289841
289849
289850
289857
2898639
2898822
2900623
2900751
2901151
2902445
2908
2908352
2908638
2908640
2908641
2908642
2908645
2908647
2908648
2908649
2908651
2908654
2908655
2911249
2912771
2914290
2916063
2916634
2917429
2917430
2917434
2917435
2917436
2917438
2917440
2917442
2917457
2917523
2917524
2917741
2920546
2921
2924895
2924896
2924897
2924898
2924902
2924904
2924956
2925127
2925799
2925801
2925804
2925806
2925813
2925815
2925820
2925821
2925827
2925835
2925840
2926959
2927047
2927053
2928228
292946
292967
292977
292983
293009
2930219
293027
293133
2931902
293196
293220
2932371
293249
293250
2934881
2935946
2936796
2937708
2937709
2937710
2937711
2937713
2937715
2937718
2937719
2937720
2937727
2937728
2937740
2937746
2937748
2937752
2937759
2937771
2937774
2937775
2937782
2937786
2937797
2939739
2942990
2944178
2945908
2945910
2945911
2945913
2945918
2945936
2945974
2947011
2949272
2949633
29508
295100
2951114
2957025
2959231
2959232
2959235
2959239
2959243
2959246
2959248
2959250
2959251
2959252
2959254
2959255
2959256
2959266
2959268
2959272
2959277
2959284
2959293
2959296
2960114
2960866
2960873
2960883
2960884
2963197
2963200
2963250
2963284
2963328
2964552
2964751
2964793
2965082
2965170
2968993
2970781
2971199
2971274
2971347
2971418
2971521
2971551
2971662
2971824
2971825
2971826
2972620
2973619
2974419
2977980
2978398
2978399
2978403
2979628
2979629
2979634
2979638
2979640
2979642
2979649
2979686
2979771
2979782
2979943
2980108
2980115
2981450
2982653
2982654
2982655
2982656
2982659
2983275
2983276
2983278
2983279
2983282
2983289
2983299
2984338
2984364
2985278
2985282
2985287
2985288
2985292
298589
2986085
2986427
2986429
2986444
2990305
2990398
2993966
2994596
2994766
299506
299529
299536
299539
2995653
2995659
2995661
2995662
2995976
2996008
2996679
3000154
3000159
3000162
3000172
3000173
3000176
3000244
3000453
3003098
3005020
3005021
3005044
3005045
3005277
3005524
3006193
3007041
3007217
3007324
3009141
3009214
3009223
3010025
3010027
3010028
3010029
3010030
3010033
3010034
3010038
3010044
3010083
3010085
3010644
3010653
3010654
3010655
3010660
3010662
3010666
3010670
3010672
3010677
3010678
3010680
3010690
3010700
3010708
3010716
3010718
3010721
3010726
3010727
3010738
3010743
3010744
3010756
3010786
3010787
3010833
3010834
3013083
301358
3013753
3013795
3016834
3018970
3018988
3019027
301994
3019995
30201
3020637
302104
3022035
3022055
3022156
3022504
3024101
3026446
3026709
3027447
3027566
3028033
3028895
3028902
3028904
3028977
3029047
3029131
3030112
3030113
3030119
3032409
3032602
3033793
303430
3035615
3035633
3035634
3036687
3038922
3040137
3041260
3042748
3042755
3042765
3042772
3042776
3042777
3042807
3042808
3042809
3042810
3042811
3045289
3046360
3047052
3047422
3049597
3050504
3050769
3050771
3053740
305507
305519
305542
305552
305564
305593
305598
3056974
3056976
3056979
3056981
3056984
3056986
3056987
3056988
3056991
3056997
3056999
3057001
3057003
3057010
3057014
3057019
3057020
3057070
3057078
3057100
3057101
3057102
3057113
3057121
3057122
3057123
3057124
3057125
3057126
3057127
3057128
3057129
3057152
3057153
3057155
3057156
3057157
3057158
3057159
3057160
3057161
3057162
3057163
3057164
3057165
3057233
3058598
3058710
3058796
3058808
3058863
3061591
3062146
3062150
3062156
306216
3062160
3063401
3064429
3064457
3066014
3066015
3066016
3066017
3066018
3066151
3067488
3068065
3070447
3072282
3072283
3072290
3072291
3072293
3072298
3072318
3073650
3073651
3073660
3073661
3073664
3073665
3073671
3073673
3073685
3073686
3073695
3073704
3073816
3075407
3075415
3075491
3077424
307783
307815
3078615
3078622
3080053
3080675
3083315
3083327
3085696
3085697
3085700
3085701
3085702
3085719
3085735
3085737
3085739
3085774
3086488
3086594
3086602
3086626
3089533
3089536
3089542
3089617
3089802
3089871
3090172
3091031
3091032
3091035
3091038
3091039
3091040
3091041
3091042
3091043
3091044
3091045
3091046
3091048
3091049
3091050
3091051
3091052
3091053
309271
3092788
3092789
3092804
3092805
3092807
3092811
3092826
3092827
3092828
3092829
3092841
3092842
3092843
3092844
3092845
3092846
3092847
3092848
3092849
3092850
3092851
3092852
3092853
3092854
3092855
3092856
3092857
3092858
3092859
3092860
3092871
3092872
3092873
3092874
3096893
3096915
3096916
3096917
3096924
3096932
3096934
3096974
3096976
3096981
3096988
3097077
3097111
3097163
3097358
3097364
3097383
3097384
3097398
3098222
3098223
3098230
3098236
3098237
3098243
3098246
3098254
3098271
3099098
3099740
3102530
3103830
3103864
3104051
3105186
3107120
3110106
3110734
3111603
3111918
3112677
3112723
3117093
3117231
3120619
3120620
3120621
3120627
3120634
3120635
3120638
3120655
3120656
3120660
3120661
3120850
3120851
3120852
3121377
3121524
3122324
3122333
3122334
312308
3123283
3124220
3124226
3124227
3124244
3124251
3124402
3125508
3125512
3125517
3125520
3125521
3125522
3125524
3125525
3125531
3125532
3125533
3125534
3125535
3125536
3125537
3125538
3125541
3125953
3126924
3127025
3127108
3127109
3127157
3127434
3127443
3127486
3127527
3128273
3128277
3128279
3128430
3128431
3128432
3128433
3128438
3128441
3128449
3128454
3128455
3128456
3130454
3131844
3131856
3131870
3131871
3131872
3133388
3133389
3133603
3134070
3134152
3135545
3135981
3135982
3135983
3135984
3135985
3136430
3136435
3136470
3136477
3136512
3136561
3136600
3136601
3137816
3137817
3137819
3137820
3137821
3137824
3137825
3137826
3137828
3137829
3137830
3137831
3137832
3137833
3137834
3137835
3137836
3137837
3137841
3137842
3137843
3137844
3137846
3137847
3137849
3137852
3137853
3137856
3137857
3137861
3137862
3137863
3137865
3137868
3137873
3137874
3138030
3138212
3138309
3138313
3138315
3138440
3138452
3138468
3139713
3139714
3139716
3139730
3139741
3139750
3139910
3139982
3140994
3140995
3140996
3141570
3142846
3144211
3144214
3144935
3145348
3148338
3148379
3148885
3149476
3149636
3149637
3149638
3149639
3149640
3151715
3151718
3151719
3151733
3151736
3151746
3151747
3151756
3152018
3152020
315292
3152952
3152957
3152963
3152966
3152985
3152995
3152996
3152997
315404
3154726
3155262
3155265
3155269
3155384
3157483
3157492
3157496
3157500
3157501
3157502
3157503
3157504
3157508
3157510
3157513
3157520
3157521
3157522
3157523
3157524
3157525
3157526
3160544
3161400
3161406
3161569
3161665
3162329
3162330
3162331
3162377
3164983
3167070
3167202
316882
3169037
3169038
3169039
3169041
3169043
3169044
3169389
3169542
3169634
3169697
3169781
3169782
317009
317016
317036
317064
317109
317242
3175569
3175574
3175581
3175586
3175587
3175588
3175589
3176964
3177864
3178240
317933
3179337
3182313
3183885
320396
320544
320786
320787
320834
320919
321185
322015
322793
327739
32839
32840
32841
32848
32853
32854
32855
32856
32857
32897
32900
32901
329939
329990
329991
329992
329993
329994
329995
329997
329998
329999
330000
330001
330002
330003
330004
330005
330006
330007
330008
330009
330010
330011
330012
330013
330014
330015
330016
330017
330018
330019
330020
330021
330022
331457
331742
331758
331868
332476
333390
335012
337153
338119
338729
338962
341334
342107
342142
342284
344516
345380
345401
345572
345581
345797
345820
345833
345837
346758
346901
349804
349880
349953
350823
354589
355899
356675
356676
356678
356679
356680
356681
356979
358937
358948
360059
360227
361401
362177
363970
364356
365089
370448
370606
370859
371611
371877
371913
371922
371924
371944
371948
371950
371964
372008
372013
372022
372093
372115
373195
375103
375104
375105
375169
375170
376953
377417
37805
379572
379574
379577
379578
379579
379956
380034
380035
380036
380113
380114
380115
381580
383093
383114
383246
383687
383730
384028
384107
385566
385911
385965
386118
386991
387180
387829
387837
387866
387876
387877
38911
389835
392572
393876
393878
393882
393885
393888
393889
393895
393902
393903
394505
394534
394639
394735
394744
397314
399525
399526
399527
399529
399531
399533
399534
400441
400897
401136
401230
402465
403982
404648
404730
405223
407159
407305
410440
410456
410538
410545
410546
413408
414757
414949
416557
416563
418342
419636
419639
419642
419644
419645
419646
419647
419648
419650
419651
419652
419653
419654
419655
419656
419657
419658
419659
419660
419661
419663
419665
419666
419667
419669
419670
419671
419672
419675
419676
419677
419678
419679
419684
419688
419689
419691
419692
419699
419703
420186
420210
420241
420248
420251
420268
420269
420277
420314
420320
420333
420350
420373
420382
420392
420415
420436
420443
420447
420452
420458
420463
420467
420515
420535
420544
420574
420583
420603
420704
420859
421002
421061
421582
422669
422674
42338
42349
42390
42391
42401
42402
425189
425211
425224
425243
425248
427204
427211
427226
429061
429162
433181
435037
435462
436723
436963
437715
437760
443543
443666
444298
444459
445823
446283
447898
447900
447902
447903
448036
448055
448063
448073
448074
448081
448087
448099
448121
448140
449011
449015
449067
449107
451641
452246
452790
45359
45541
458559
458892
458908
458920
458977
459080
459128
459129
459171
459172
459190
459191
459192
459194
459195
460070
460452
462106
462127
462712
463733
464400
464907
465848
466084
467019
469080
470017
470166
470205
470255
470873
473705
479038
480576
480942
481824
481899
482587
483018
483871
485139
48757
48761
489541
491769
491776
493770
493809
493814
493815
493842
493950
493952
494024
494096
494099
494433
494452
494664
494666
494672
494686
495206
496468
497229
497247
499821
500790
500835
500917
500932
501046
50134
501471
501483
501486
501566
501567
501568
501594
501596
501635
501828
501874
501911
502401
502469
503587
507344
508726
512984
514338
515051
515066
515067
515068
515656
515668
515694
519012
520019
520024
520027
522831
523520
524298
524317
525684
525685
525687
525692
527245
529315
529349
531892
532365
532717
534172
537553
538317
538683
538725
538736
539577
539586
539592
539594
539641
539650
539651
540233
542082
542146
542271
542277
542279
542549
544068
544814
549013
549015
549026
549035
549070
549115
552804
552864
553035
553275
553278
553510
556415
558899
558908
559233
560185
56059
561125
561151
561555
561602
561649
563705
566265
567795
569027
570101
572628
572799
572807
572810
575492
576443
576650
576664
576682
576694
576697
576811
576832
576860
577744
577878
577879
577888
579839
579866
584251
584301
584403
587594
590556
590584
590655
592473
592474
592486
592500
593246
593450
593452
593453
593457
593506
594030
594063
594104
594106
594107
594110
595388
595401
596088
596623
600964
601376
601378
601379
601380
601394
602778
604242
604373
606596
606874
606875
606876
606877
606878
606879
606880
606881
608013
608020
608332
609321
609714
609718
610112
612290
612330
612356
612435
612472
612493
612538
613690
613744
613821
616806
616814
618873
618876
619071
619079
619092
619133
619156
619229
619326
619345
619391
619410
619471
619487
619488
619489
619491
619538
621070
621100
621275
621276
621277
621278
621279
621280
621281
621282
621283
621284
621285
621338
621753
623135
625416
625446
625676
625981
626273
626274
626275
626276
626277
626278
626279
626325
626326
626327
626328
626485
626749
627458
629729
629893
630243
631621
631919
632
632423
632904
633709
636116
639119
639120
639121
639122
639123
639124
639126
639127
639128
639129
640581
641510
642463
642656
646057
646258
646342
646988
646994
647028
647042
647653
647656
647665
647667
647668
648604
648720
648721
650445
650462
650469
650473
650474
650479
650481
650482
650485
650490
652592
652672
652687
652987
654564
654568
654712
656761
657650
657651
657653
657659
657664
657855
657869
658405
659907
663477
664743
665172
668053
668115
668130
668354
668560
66893
66945
674091
674097
674674
674711
676428
676438
676461
676511
676565
677057
677383
679500
680888
680937
682779
683091
683282
683291
683297
683567
683568
683569
683570
683571
683612
683627
683638
683654
683666
683785
684108
684214
684740
686391
687495
688193
688496
691714
692899
693664
693665
694821
695968
695969
695970
695972
70253
702950
70501
70507
70517
70518
70527
70532
70541
70547
707663
707664
707665
707667
708222
709023
709927
710630
711600
711601
711604
711607
711629
711630
711631
711632
711658
711659
711660
711661
711662
711663
711664
711665
711666
711667
711668
711669
711670
711687
711703
711704
714799
716322
719628
719635
719663
721968
721994
722054
722597
724295
725128
725617
72569
72570
72571
72574
72600
72620
728238
728261
728294
728304
728390
728447
728487
728677
729759
733038
734300
735901
736690
736692
736729
739294
73962
740283
742137
742540
742580
744542
746165
746174
746204
748188
755412
755423
757328
757897
758949
759925
760388
760533
760545
760913
760947
762041
762832
764149
764875
766916
767140
770582
773719
773856
773888
773889
773916
773917
773918
773922
773923
773924
773925
773926
773927
773928
773929
773930
774312
775553
776531
776617
779753
785663
78586
78587
78590
78591
787101
787112
787136
787362
787374
787389
787395
78850
790584
790592
791315
792480
79274
793513
793554
795535
795536
795537
795538
795539
795566
795567
795571
796064
798474
79968
801418
801460
801515
80187
802061
802107
802263
802785
80284
803520
80368
806356
806463
806465
806466
806467
806477
806908
808767
810615
813094
813097
813305
813965
814651
814835
814877
814951
814992
815560
816931
817009
818196
818233
822606
822621
822652
822667
822680
822786
823945
824536
824685
825313
826677
826678
826680
826681
826683
828240
829156
829202
829479
829503
829702
829722
829800
829843
831354
831480
831708
831901
831902
831904
831911
832906
83456
83460
834663
835307
835312
835428
835477
836129
836284
836286
836287
836292
836301
836305
836306
836333
836737
837399
838415
838417
839016
840842
840844
840848
840853
842275
843849
844014
845192
845694
845705
846621
847030
847035
848133
848204
848211
848727
849464
849606
849623
849636
849658
849661
850161
852680
857053
858991
860114
860879
860880
860881
860882
860883
860884
860885
860886
860887
860888
868786
868914
869751
869870
869892
869990
869991
870287
870332
872123
872500
872521
872527
872613
872620
872652
872694
872722
872770
876189
879743
881504
881506
881509
881510
881527
881537
883877
884782
886238
886275
886319
891226
893245
893251
89747
897829
897910
899607
899695
899696
899698
901036
901384
902862
902892
902902
902903
902904
903020
903034
903431
907052
907055
908627
908631
908637
908662
908669
908677
908682
908695
908698
908703
908705
908706
908707
908708
908716
908719
908723
908724
908732
910696
910718
910723
910776
913356
914015
914135
914466
914533
914611
914612
914646
914820
914821
914847
914848
91523
915259
915283
91547
916160
916187
916208
916276
916303
916407
916429
916434
919222
919674
919675
919683
919684
919685
919686
920953
920954
920983
921896
921949
921987
922873
92891
929145
929350
929351
929371
931123
931124
931837
932908
933164
933175
933228
933300
935272
935432
936260
936268
936282
936337
936366
936367
939019
939600
939739
942028
942117
943815
944737
946178
946662
94690
946985
947283
948192
948194
949515
949521
949525
949526
949539
949563
949564
949565
950064
950573
950690
951344
951462
951464
951465
952148
952450
952638
952644
952715
952722
953022
953036
953056
954021
956434
956552
958946
959019
959102
961005
961012
961936
963756
963809
963866
964851
964962
965478
965651
965666
965674
965677
965697
967003
967483
967489
967491
967493
967496
967498
967499
967505
96915
969168
970501
970975
972024
972065
972073
972729
973738
973750
974925
974931
974935
975137
975151
975168
975171
975175
975201
975213
975237
975329
975386
975839
976358
976451
97807
978212
978265
978503
984409
984556
985015
985111
985592
985813
986195
986847
986911
986924
986975
986976
987279
988471
988694
988716
988720
991731
993965
994028
995744
997101
